DYJetsToLL_M_10to50_MLM : 22635.09
DYJetsToLL_M_50         : 6025.2
tbarW_noFullHad         : 19.4674104
TTTo2L2Nu               : 88.28769753
TTToSemiLeptonic        : 365.3994209
ttWJets_MLM             : 
TTWJetsToLNu            : 0.4062
TTWJetsToQQ             : 0.5297
ttZJets_MLM             : 
TTZToLL_M_1to10         : 0.0493
TTZToLLNuNu_M_10        : 0.2529
TTZToQQ                 : 0.5297
tW_noFullHad            : 19.4674104
WJetsToLNu_MLM          : 61526.7
WWTo2L2Nu               : 12.178
WZ                      : 
WZTo2L2Q                : 5.595
WZTo3LNu                : 4.42965
ZZTo2L2Nu               : 
ZZTo2L2Q                :
ZZTo2Q2Nu               :
ZZTo4L                  : 1.256
ZZZ                     : 0.01398
